   0.000000000000000  0.000000000000000
   0.100000001490116  2.603081984876827E-009
   0.200000002980232  8.319454980381256E-008
   0.300000011920929  6.304433884469522E-007
   0.400000005960464  2.648939794812172E-006
   0.500000000000000  8.053627241357473E-006
   0.600000023841858  1.994819931381963E-005
   0.699999988079071  4.288240343737773E-005
   0.800000011920929  8.308361764335089E-005
   0.900000035762787  1.486580508096228E-004
   1.00000000000000  2.497577302112343E-004
   1.10000002384186  3.987099254444272E-004
   1.20000004768372  6.101050420314114E-004
   1.30000007152557  9.008415984497702E-004
   1.39999997615814  1.290124955858833E-003
   1.50000000000000  1.799421767360611E-003
   1.60000002384186  2.452362140185857E-003
   1.70000004768372  3.274598577804976E-003
   1.80000007152557  4.293615680768472E-003
   1.89999997615814  5.538492687495761E-003
   2.00000000000000  7.039629755871685E-003
   2.10000014305115  8.828419897234747E-003
   2.20000004768372  1.093688294829519E-002
   2.29999995231628  1.339728928473628E-002
   2.40000009536743  1.624172679567655E-002
   2.50000000000000  1.950162513450323E-002
   2.60000014305115  2.320733320774755E-002
   2.70000004768372  2.738756886386432E-002
   2.79999995231628  3.206898086641476E-002
   2.90000009536743  3.727562719359909E-002
   3.00000000000000  4.302843487704758E-002
   3.10000014305115  4.934480207222731E-002
   3.20000004768372  5.623801604118633E-002
   3.29999995231628  6.371690561285291E-002
   3.40000009536743  7.178538150493427E-002
   3.50000000000000  8.044198664799179E-002
   3.60000014305115  8.967968965793668E-002
   3.70000004768372  9.948542181670561E-002
   3.79999995231628  0.109839981734108
   3.90000009536743  0.120717785785462
   4.00000000000000  0.132086656047098
   4.09999990463257  0.143907912274706
   4.20000028610229  0.156136332480600
   4.30000019073486  0.168720017019509
   4.40000009536743  0.181600884522773
   4.50000000000000  0.194714658638714
   4.59999990463257  0.207991216431476
   4.70000028610229  0.221355015252624
   4.80000019073486  0.234725270994277
   4.90000009536743  0.248016842954421
   5.00000000000000  0.261140546120170
   5.09999990463257  0.274003843357309
   5.20000028610229  0.286511589506060
   5.30000019073486  0.298566531446139
   5.40000009536743  0.310070449268613
   5.50000000000000  0.320924737147688
   5.59999990463257  0.331031317489191
   5.70000028610229  0.340293560807744
   5.80000019073486  0.348617007147325
   5.90000009536743  0.355910533728021
   6.00000000000000  0.362087074887172
   6.09999990463257  0.367064559839595
   6.20000028610229  0.370766800081913
   6.30000019073486  0.373124270181352
   6.40000009536743  0.374075023136740
   6.50000000000000  0.373565377110273
   6.59999990463257  0.371550646490270
   6.70000028610229  0.367995769944992
   6.80000019073486  0.362875965092177
   6.90000009536743  0.356177130173966
   7.00000000000000  0.347896324751183
   7.09999990463257  0.338042088251634
   7.20000028610229  0.326634620061950
   7.30000019073486  0.313706144813680
   7.40000009536743  0.299300624735271
   7.50000000000000  0.283473905162551
   7.59999990463257  0.266293493751712
   7.70000028610229  0.247838193694991
   7.80000019073486  0.228198080683299
   7.90000009536743  0.207473489153350
   8.00000000000000  0.185774772190564
   8.10000038146973  0.163221422724487
   8.19999980926514  0.139941842586457
   8.30000019073486  0.116071267842329
   8.40000057220459  9.175225646330587E-002
   8.50000000000000  6.713301937831940E-002
   8.60000038146973  4.236560832891490E-002
   8.69999980926514  1.760641597986116E-002
   8.80000019073486 -6.986901490686637E-003
   8.90000057220459 -3.125500494675383E-002
   9.00000000000000 -5.503885566952201E-002
   9.10000038146973 -7.818165994169289E-002
   9.19999980926514 -0.100528580936031
   9.30000019073486 -0.121929775830186
   9.40000057220459 -0.142240146866062
   9.50000000000000 -0.161321260199635
   9.60000038146973 -0.179043037961847
   9.69999980926514 -0.195283658966491
   9.80000019073486 -0.209931985412183
   9.90000057220459 -0.222887451836097
   10.0000000000000 -0.234061528186776
   10.1000003814697 -0.243378801783475
   10.1999998092651 -0.250777010797479
   10.3000001907349 -0.256208380323999
   10.4000005722046 -0.259639597245131
   10.5000000000000 -0.261052501945036
   10.6000003814697 -0.260444313079437
   10.6999998092651 -0.257827723123336
   10.8000001907349 -0.253230863993416
   10.9000005722046 -0.246697313655297
   11.0000000000000 -0.238285851783160
   11.1000003814697 -0.228069752793868
   11.1999998092651 -0.216136877784497
   11.3000001907349 -0.202588261629362
   11.4000005722046 -0.187538110532312
   11.5000000000000 -0.171112651886807
   11.6000003814697 -0.153448618877649
   11.6999998092651 -0.134693294433645
   11.8000001907349 -0.115001997191904
   11.9000005722046 -9.453805252303274E-002
   12.0000000000000 -7.347096310165943E-002
   12.1000003814697 -5.197438717007778E-002
   12.1999998092651 -3.022612049086574E-002
   12.3000001907349 -8.404994389888943E-003
   12.4000005722046  1.330917170468257E-002
   12.5000000000000  3.473769976240844E-002
   12.6000003814697  5.570516101396984E-002
   12.6999998092651  7.603943967609347E-002
   12.8000001907349  9.557477792202079E-002
   12.9000005722046  0.114151814065311
   13.0000000000000  0.131619559927078
   13.1000003814697  0.147837146326088
   13.1999998092651  0.162673894276557
   13.3000001907349  0.176011663187688
   13.4000005722046  0.187744843943353
   13.5000000000000  0.197781757664202
   13.6000003814697  0.206045661064757
   13.6999998092651  0.212474779323603
   13.8000001907349  0.217023462117679
   13.9000005722046  0.219662101795969
   14.0000000000000  0.220377648293285
   14.1000003814697  0.219173652835273
   14.1999998092651  0.216070225154544
   14.3000001907349  0.211103756584496
   14.4000005722046  0.204326751927368
   14.5000000000000  0.195807346455886
   14.6000003814697  0.185628375104554
   14.6999998092651  0.173887238199240
   14.8000001907349  0.160694261078749
   14.9000005722046  0.146172453588196
   15.0000000000000  0.130456134563260
   15.1000003814697  0.113689228022944
   15.1999998092651  9.602505015813225E-002
   15.3000001907349  7.762367207504553E-002
   15.4000005722046  5.865164615786992E-002
   15.5000000000000  3.928004104500692E-002
   15.6000003814697  1.968233891235298E-002
   15.6999998092651  3.418317333594993E-005
   15.8000001907349 -1.948967115744811E-002
   15.9000005722046 -3.871560818534331E-002
   16.0000000000000 -5.747327043743070E-002
   16.1000003814697 -7.559759706555784E-002
   16.2000007629395 -9.292921868476469E-002
   16.3000011444092 -0.109316593077811
   16.3999996185303 -0.124616886149853
   16.5000000000000 -0.138698380499277
   16.6000003814697 -0.151439887644165
   16.7000007629395 -0.162733002816809
   16.8000011444092 -0.172482751133639
   16.8999996185303 -0.180608274843153
   17.0000000000000 -0.187044119382353
   17.1000003814697 -0.191739860072985
   17.2000007629395 -0.194661173642110
   17.3000011444092 -0.195789939577980
   17.3999996185303 -0.195124395226953
   17.5000000000000 -0.192679025998947
   17.6000003814697 -0.188484469281515
   17.7000007629395 -0.182587178148885
   17.8000011444092 -0.175048952663245
   17.8999996185303 -0.165946525537066
   18.0000000000000 -0.155370098798450
   18.1000003814697 -0.143423524839226
   18.2000007629395 -0.130222656001973
   18.3000011444092 -0.115894410315457
   18.3999996185303 -0.100575878428754
   18.5000000000000 -8.441185494597461E-002
   18.6000003814697 -6.755523706514579E-002
   18.7000007629395 -5.016444809655491E-002
   18.8000011444092 -3.240224959506390E-002
   18.8999996185303 -1.443457185885614E-002
   19.0000000000000  3.572392763798066E-003
   19.1000003814697  2.145167289613895E-002
   19.2000007629395  3.903842483745085E-002
   19.3000011444092  5.617110993519229E-002
   19.3999996185303  7.269266984540650E-002
   19.5000000000000  8.845321176521407E-002
   19.6000003814697  0.103309488450839
   19.7000007629395  0.117127479158237
   19.8000011444092  0.129783284728075
   19.8999996185303  0.141164038328803
   20.0000000000000  0.151169771915622
