   0.000000000000000  0.000000000000000
   0.100000001490116  2.602865009672453E-007
   0.200000002980232  4.158340522080394E-006
   0.300000011920929  2.099900924314519E-005
   0.400000005960464  6.613511165526754E-005
   0.500000000000000  1.607364763642876E-004
   0.600000023841858  3.314704199904340E-004
   0.699999988079071  6.100969669099898E-004
   0.800000011920929  1.032985054787573E-003
   0.900000035762787  1.640552486415681E-003
   1.00000000000000  2.476638964109954E-003
   1.10000002384186  3.587820594691426E-003
   1.20000004768372  5.022667046550864E-003
   1.30000007152557  6.830959839025025E-003
   1.39999997615814  9.062871124830508E-003
   1.50000000000000  1.176813242034380E-002
   1.60000002384186  1.499516189491391E-002
   1.70000004768372  1.879021353349019E-002
   1.80000007152557  2.319652024987827E-002
   1.89999997615814  2.825344988139843E-002
   2.00000000000000  3.399571980756843E-002
   2.10000014305115  4.045259619208374E-002
   2.20000004768372  4.764715115046697E-002
   2.29999995231628  5.559565980293121E-002
   2.40000009536743  6.430696547860270E-002
   2.50000000000000  7.378188005425523E-002
   2.60000014305115  8.401288587204142E-002
   2.70000004768372  9.498359509380286E-002
   2.79999995231628  0.106668649693250
   2.90000009536743  0.119033488155426
   3.00000000000000  0.132034183924612
   3.10000014305115  0.145617694969517
   3.20000004768372  0.159721762444836
   3.29999995231628  0.174275386928579
   3.40000009536743  0.189199095336498
   3.50000000000000  0.204405293034632
   3.60000014305115  0.219799079492034
   3.70000004768372  0.235278621522136
   3.79999995231628  0.250736163219310
   3.90000009536743  0.266058755481778
   4.00000000000000  0.281129064961360
   4.09999990463257  0.295826582184847
   4.20000028610229  0.310028590812624
   4.30000019073486  0.323611036820954
   4.40000009536743  0.336450077682928
   4.50000000000000  0.348422980284095
   4.59999990463257  0.359409380159685
   4.70000028610229  0.369292522610218
   4.80000019073486  0.377960270696670
   4.90000009536743  0.385306562471027
   5.00000000000000  0.391232360458648
   5.09999990463257  0.395646803624940
   5.20000028610229  0.398468265538310
   5.30000019073486  0.399625291923917
   5.40000009536743  0.399057590034692
   5.50000000000000  0.396716789072858
   5.59999990463257  0.392567184412531
   5.70000028610229  0.386586327600059
   5.80000019073486  0.378765660370431
   5.90000009536743  0.369110736317229
   6.00000000000000  0.357641594780961
   6.09999990463257  0.344392876784122
   6.20000028610229  0.329413757817413
   6.30000019073486  0.312768116275985
   6.40000009536743  0.294533844238478
   6.50000000000000  0.274802730982285
   6.59999990463257  0.253679869223617
   6.70000028610229  0.231282890066751
   6.80000019073486  0.207741616428668
   6.90000009536743  0.183196522486596
   7.00000000000000  0.157798144661371
   7.09999990463257  0.131705863016273
   7.20000028610229  0.105086563786031
   7.30000019073486  7.811385550613142E-002
   7.40000009536743  5.096593824625640E-002
   7.50000000000000  2.382467997102277E-002
   7.59999990463257 -3.125988388157417E-003
   7.70000028610229 -2.970171380090936E-002
   7.80000019073486 -5.571875386744836E-002
   7.90000009536743 -8.099628516930766E-002
   8.00000000000000 -0.105357434875387
   8.10000038146973 -0.128631038359680
   8.19999980926514 -0.150652586641871
   8.30000019073486 -0.171266842704418
   8.40000057220459 -0.190327839919916
   8.50000000000000 -0.207700883509332
   8.60000038146973 -0.223264199091810
   8.69999980926514 -0.236908935525761
   8.80000019073486 -0.248541357149144
   8.90000057220459 -0.258082777740921
   9.00000000000000 -0.265470801756949
   9.10000038146973 -0.270660070930423
   9.19999980926514 -0.273622304876338
   9.30000019073486 -0.274347028789387
   9.40000057220459 -0.272841503476481
   9.50000000000000 -0.269130930930271
   9.60000038146973 -0.263258121623781
   9.69999980926514 -0.255283506110902
   9.80000019073486 -0.245284248037802
   9.90000057220459 -0.233354133550563
   10.0000000000000 -0.219602686102087
   10.1000003814697 -0.204153809767847
   10.1999998092651 -0.187145732869388
   10.3000001907349 -0.168728696182094
   10.4000005722046 -0.149064796275636
   10.5000000000000 -0.128326193062886
   10.6000003814697 -0.106693011096725
   10.6999998092651 -8.435321265680113E-002
   10.8000001907349 -6.149935716687447E-002
   10.9000005722046 -3.832842443121295E-002
   11.0000000000000 -1.503950074706062E-002
   11.1000003814697  8.168611747007624E-003
   11.1999998092651  3.109756073069855E-002
   11.3000001907349  5.355291491097351E-002
   11.4000005722046  7.534431285545740E-002
   11.5000000000000  9.628779368218860E-002
   11.6000003814697  0.116207959916835
   11.6999998092651  0.134938127485214
   11.8000001907349  0.152323278782196
   11.9000005722046  0.168220129466466
   12.0000000000000  0.182498964644761
   12.1000003814697  0.195045100662522
   12.1999998092651  0.205758960307883
   12.3000001907349  0.214557873542988
   12.4000005722046  0.221376020209416
   12.5000000000000  0.226165368869852
   12.6000003814697  0.228896117949758
   12.6999998092651  0.229556651416194
   12.8000001907349  0.228153808695917
   12.9000005722046  0.224712688477923
   13.0000000000000  0.219276487458462
   13.1000003814697  0.211905828158481
   13.1999998092651  0.202678579910193
   13.3000001907349  0.191688559682986
   13.4000005722046  0.179045217481518
   13.5000000000000  0.164872418802927
   13.6000003814697  0.149306815461590
   13.6999998092651  0.132497553307085
   13.8000001907349  0.114603714001683
   13.9000005722046  9.579393616377557E-002
   14.0000000000000  7.624442249447279E-002
   14.1000003814697  5.613672406716954E-002
   14.1999998092651  3.565738988831867E-002
   14.3000001907349  1.499473719750498E-002
   14.4000005722046 -5.661514647054449E-003
   14.5000000000000 -2.612255831748658E-002
   14.6000003814697 -4.620279995170104E-002
   14.6999998092651 -6.572019137761770E-002
   14.8000001907349 -8.449939967696256E-002
   14.9000005722046 -0.102372078767864
   15.0000000000000 -0.119178981106238
   15.1000003814697 -0.134771827586815
   15.1999998092651 -0.149013542749393
   15.3000001907349 -0.161780654478471
   15.4000005722046 -0.172963404702712
   15.5000000000000 -0.182467184856887
   15.6000003814697 -0.190213558356050
   15.6999998092651 -0.196140337544719
   15.8000001907349 -0.200202686390004
   15.9000005722046 -0.202373036780213
   16.0000000000000 -0.202641531723132
   16.1000003814697 -0.201015980369840
   16.2000007629395 -0.197521707240191
   16.3000011444092 -0.192201282916373
   16.3999996185303 -0.185114206383980
   16.5000000000000 -0.176335718750102
   16.6000003814697 -0.165956855023141
   16.7000007629395 -0.154083034299710
   16.8000011444092 -0.140833143035481
   16.8999996185303 -0.126338665842528
   17.0000000000000 -0.110741286046945
   17.1000003814697 -9.419318038804871E-002
   17.2000007629395 -7.685447888327651E-002
   17.3000011444092 -5.889200276265075E-002
   17.3999996185303 -4.047803390865560E-002
   17.5000000000000 -2.178727121945429E-002
   17.6000003814697 -2.997286885143517E-003
   17.7000007629395  1.571454134374172E-002
   17.8000011444092  3.417234839986573E-002
   17.8999996185303  5.220308816204682E-002
   18.0000000000000  6.963951247743712E-002
   18.1000003814697  8.631966507996919E-002
   18.2000007629395  0.102089764330863
   18.3000011444092  0.116805272944896
   18.3999996185303  0.130331983085309
   18.5000000000000  0.142548243335843
   18.6000003814697  0.153344522872732
   18.7000007629395  0.162625442739740
   18.8000011444092  0.170310366389924
   18.8999996185303  0.176333999786901
   19.0000000000000  0.180647378922943
   19.1000003814697  0.183217589444839
   19.2000007629395  0.184028507182482
   19.3000011444092  0.183080757061425
   19.3999996185303  0.180391712489294
   19.5000000000000  0.175995030130814
   19.6000003814697  0.169940582081570
   19.7000007629395  0.162293751814723
   19.8000011444092  0.153134783943102
   19.8999996185303  0.142558184159195
   20.0000000000000  0.130670942803198
