   1.00000000    
   1.38340580    
   1.70938051    
   2.00263143    
   2.27356219    
   2.52783823    
   2.76898646    
   2.99939489    
   3.22077656    
   3.43441439    
   3.64130092    
   3.84222436    
   4.03782368    
   4.22862673    
   4.41507530    
   4.59754467    
   4.77635622    
   4.95178890    
   5.12408590    
   5.29346132    
   5.46010494    
   5.62418604    
   5.78585577    
   5.94525099    
   6.10249472    
   6.25769949    
   6.41096735    
   6.56239223    
   6.71205997    
   6.86004925    
   7.00643396    
   7.15128136    
   7.29465437    
   7.43661118    
   7.57720661    
   7.71649170    
   7.85451365    
   7.99131775    
   8.12694550    
   8.26143742    
   8.39482975    
   8.52715778    
   8.65845490    
   8.78875351    
   8.91808224    
   9.04646969    
   9.17394257    
   9.30052757    
   9.42624760    
   9.55112648    
   9.67518616    
   9.79844856    
   9.92093277    
   10.0426588    
   10.1636448    
   10.2839079    
   10.4034662    
   10.5223351    
   10.6405306    
   10.7580681    
   10.8749619    
   10.9912262    
   11.1068735    
   11.2219172    
   11.3363695    
   11.4502430    
   11.5635490    
   11.6762981    
   11.7885017    
   11.9001703    
   12.0113134    
   12.1219406    
   12.2320623    
   12.3416872    
   12.4508238    
   12.5594816    
   12.6676683    
   12.7753916    
   12.8826599    
   12.9894810    
   13.0958614    
   13.2018089    
   13.3073311    
   13.4124336    
   13.5171232    
   13.6214066    
   13.7252903    
   13.8287802    
   13.9318819    
   14.0346012    
   14.1369448    
   14.2389164    
   14.3405228    
   14.4417686    
   14.5426588    
   14.6431980    
   14.7433920    
   14.8432446    
   14.9427605    
   15.0419445    
   15.1408014    
   15.2393351    
   15.3375492    
   15.4354486    
   15.5330372    
   15.6303186    
   15.7272968    
   15.8239756    
   15.9203587    
   16.0164490    
   16.1122513    
   16.2077675    
   16.3030033    
   16.3979607    
   16.4926414    
   16.5870514    
   16.6811905    
   16.7750645    
   16.8686752    
   16.9620266    
   17.0551205    
   17.1479588    
   17.2405472    
   17.3328857    
   17.4249783    
   17.5168266    
   17.6084347    
   17.6998043    
   17.7909374    
   17.8818359    
   17.9725037    
   18.0629425    
   18.1531544    
   18.2431412    
   18.3329067    
   18.4224529    
   18.5117798    
   18.6008911    
   18.6897888    
   18.7784748    
   18.8669510    
   18.9552193    
   19.0432816    
   19.1311417    
   19.2187996    
   19.3062572    
   19.3935165    
   19.4805794    
   19.5674477    
   19.6541214    
   19.7406044    
   19.8268986    
   19.9130039    
   19.9989223    
   20.0846577    
   20.1702099    
   20.2555790    
   20.3407688    
   20.4257793    
   20.5106125    
   20.5952702    
   20.6797543    
   20.7640648    
   20.8482056    
   20.9321747    
   21.0159760    
   21.0996094    
   21.1830769    
   21.2663803    
   21.3495197    
   21.4324989    
   21.5153160    
   21.5979748    
   21.6804752    
   21.7628174    
   21.8450031    
   21.9270344    
   22.0089130    
   22.0906391    
   22.1722145    
   22.2536392    
   22.3349152    
   22.4160423    
   22.4970226    
   22.5778580    
   22.6585484    
   22.7390938    
   22.8194962    
   22.8997574    
   22.9798775    
   23.0598583    
   23.1396999    
   23.2194042    
   23.2989712    
   23.3784027    
   23.4576988    
   23.5368614    
   23.6158905    
   23.6947861    
   23.7735500    
   23.8521843    
   23.9306889    
   24.0090637    
   24.0873108    
   24.1654320    
   24.2434254    
   24.3212948    
   24.3990383    
   24.4766579    
   24.5541553    
   24.6315289    
   24.7087822    
   24.7859135    
   24.8629246    
   24.9398174    
   25.0165901    
   25.0932465    
   25.1697845    
   25.2462063    
   25.3225136    
   25.3987045    
   25.4747810    
   25.5507450    
   25.6265945    
   25.7023315    
   25.7779579    
   25.8534737    
   25.9288788    
   26.0041733    
   26.0793591    
   26.1544361    
   26.2294064    
   26.3042698    
   26.3790264    
   26.4536762    
   26.5282211    
   26.6026611    
   26.6769962    
   26.7512283    
   26.8253574    
   26.8993835    
   26.9733086    
   27.0471306    
   27.1208534    
   27.1944752    
   27.2679977    
   27.3414211    
   27.4147453    
   27.4879723    
   27.5611000    
   27.6341324    
   27.7070675    
   27.7799072    
   27.8526497    
   27.9252987    
   27.9978523    
   28.0703125    
   28.1426792    
   28.2149525    
   28.2871323    
   28.3592205    
   28.4312172    
   28.5031223    
   28.5749378    
   28.6466618    
   28.7182961    
   28.7898407    
   28.8612976    
   28.9326649    
   29.0039444    
   29.0751362    
   29.1462402    
   29.2172585    
   29.2881908    
   29.3590355    
   29.4297962    
   29.5004711    
   29.5710621    
   29.6415672    
   29.7119884    
   29.7823277    
   29.8525829    
   29.9227562    
   29.9928455    
   30.0628548    
   30.1327820    
   30.2026272    
   30.2723923    
   30.3420773    
   30.4116821    
   30.4812069    
   30.5506516    
   30.6200180    
   30.6893063    
   30.7585163    
   30.8276482    
   30.8967018    
   30.9656792    
   31.0345783    
   31.1034012    
   31.1721478    
   31.2408199    
   31.3094158    
   31.3779373    
   31.4463825    
   31.5147533    
   31.5830498    
   31.6512737    
   31.7194233    
   31.7875004    
   31.8555031    
   31.9234333    
   31.9912910    
   32.0590782    
   32.1267929    
   32.1944351    
   32.2620087    
   32.3295097    
   32.3969421    
   32.4643021    
   32.5315933    
   32.5988159    
   32.6659660    
   32.7330475    
   32.8000603    
   32.8670044    
   32.9338799    
   33.0006905    
   33.0674324    
   33.1341057    
   33.2007141    
   33.2672539    
   33.3337288    
   33.4001350    
   33.4664764    
   33.5327530    
   33.5989647    
   33.6651077    
   33.7311859    
   33.7971992    
   33.8631516    
   33.9290390    
   33.9948616    
   34.0606194    
   34.1263161    
   34.1919479    
   34.2575150    
   34.3230209    
   34.3884659    
   34.4538460    
   34.5191650    
   34.5844231    
   34.6496201    
   34.7147560    
   34.7798309    
   34.8448448    
   34.9097977    
   34.9746895    
   35.0395203    
   35.1042900    
   35.1690025    
   35.2336540    
   35.2982445    
   35.3627777    
   35.4272537    
   35.4916687    
   35.5560265    
   35.6203270    
   35.6845665    
   35.7487488    
   35.8128738    
   35.8769417    
   35.9409523    
   36.0049057    
   36.0688019    
   36.1326408    
   36.1964226    
   36.2601509    
   36.3238220    
   36.3874359    
   36.4509964    
   36.5144997    
   36.5779495    
   36.6413422    
   36.7046814    
   36.7679672    
   36.8311958    
   36.8943710    
   36.9574928    
   37.0205612    
   37.0835762    
   37.1465378    
   37.2094460    
   37.2723007    
   37.3351021    
   37.3978500    
   37.4605446    
   37.5231857    
   37.5857773    
   37.6483154    
   37.7108002    
   37.7732353    
   37.8356171    
   37.8979492    
   37.9602280    
   38.0224571    
   38.0846367    
   38.1467628    
   38.2088394    
   38.2708664    
   38.3328438    
   38.3947716    
   38.4566460    
   38.5184708    
   38.5802460    
   38.6419716    
   38.7036476    
   38.7652779    
   38.8268585    
   38.8883896    
   38.9498711    
   39.0113029    
   39.0726891    
   39.1340256    
   39.1953163    
   39.2565575    
   39.3177490    
   39.3788948    
   39.4399910    
   39.5010414    
   39.5620461    
   39.6230011    
   39.6839104    
   39.7447739    
   39.8055916    
   39.8663597    
   39.9270821    
   39.9877586    
   40.0483894    
   40.1089745    
   40.1695137    
   40.2300072    
   40.2904549    
   40.3508568    
   40.4112129    
   40.4715271    
   40.5317955    
   40.5920181    
   40.6521950    
   40.7123299    
   40.7724190    
   40.8324623    
   40.8924637    
   40.9524193    
   41.0123329    
   41.0722008    
   41.1320267    
   41.1918068    
   41.2515450    
   41.3112411    
   41.3708916    
   41.4305000    
   41.4900665    
   41.5495911    
   41.6090698    
   41.6685066    
   41.7279015    
   41.7872543    
   41.8465652    
   41.9058342    
   41.9650612    
   42.0242462    
   42.0833893    
   42.1424904    
   42.2015495    
   42.2605705    
   42.3195496    
   42.3784866    
   42.4373817    
   42.4962387    
   42.5550537    
   42.6138268    
   42.6725616    
   42.7312546    
   42.7899055    
   42.8485184    
   42.9070892    
   42.9656219    
   43.0241127    
   43.0825653    
   43.1409798    
   43.1993523    
   43.2576866    
   43.3159828    
   43.3742371    
   43.4324532    
   43.4906311    
   43.5487709    
   43.6068687    
   43.6649284    
   43.7229500    
   43.7809334    
   43.8388786    
   43.8967857    
   43.9546547    
   44.0124855    
   44.0702782    
   44.1280327    
   44.1857491    
   44.2434273    
   44.3010674    
   44.3586731    
   44.4162407    
   44.4737701    
   44.5312614    
   44.5887146    
   44.6461334    
   44.7035141    
   44.7608566    
   44.8181648    
   44.8754349    
   44.9326706    
   44.9898682    
   45.0470276    
   45.1041527    
   45.1612396    
   45.2182922    
   45.2753105    
   45.3322906    
   45.3892365    
   45.4461441    
   45.5030174    
   45.5598564    
   45.6166573    
   45.6734238    
   45.7301559    
   45.7868538    
   45.8435135    
   45.9001389    
   45.9567299    
   46.0132866    
   46.0698090    
   46.1262970    
   46.1827507    
   46.2391701    
   46.2955551    
   46.3519058    
   46.4082222    
   46.4645042    
   46.5207520    
   46.5769653    
   46.6331444    
   46.6892891    
   46.7453995    
   46.8014755    
   46.8575211    
   46.9135323    
   46.9695091    
   47.0254517    
   47.0813637    
   47.1372414    
   47.1930847    
   47.2488976    
   47.3046761    
   47.3604202    
   47.4161339    
   47.4718132    
   47.5274582    
   47.5830727    
   47.6386528    
   47.6942024    
   47.7497177    
   47.8052025    
   47.8606567    
   47.9160767    
   47.9714661    
   48.0268211    
   48.0821457    
   48.1374397    
   48.1926994    
   48.2479286    
   48.3031273    
   48.3582916    
   48.4134254    
   48.4685287    
   48.5236015    
   48.5786438    
   48.6336517    
   48.6886292    
   48.7435760    
   48.7984924    
   48.8533783    
   48.9082336    
   48.9630585    
   49.0178528    
   49.0726166    
   49.1273499    
   49.1820526    
   49.2367249    
   49.2913666    
   49.3459778    
   49.4005585    
   49.4551086    
   49.5096283    
   49.5641174    
   49.6185760    
   49.6730042    
   49.7274055    
   49.7817764    
   49.8361168    
   49.8904266    
   49.9447098    
   49.9989624    
   50.0531845    
   50.1073761    
   50.1615410    
   50.2156754    
   50.2697792    
   50.3238564    
   50.3779030    
   50.4319229    
   50.4859123    
   50.5398712    
   50.5938034    
   50.6477051    
   50.7015800    
   50.7554245    
   50.8092422    
   50.8630295    
   50.9167900    
   50.9705200    
   51.0242233    
   51.0778999    
   51.1315460    
   51.1851654    
   51.2387543    
   51.2923164    
   51.3458519    
   51.3993568    
   51.4528351    
   51.5062866    
   51.5597115    
   51.6131058    
   51.6664734    
   51.7198143    
   51.7731285    
   51.8264122    
   51.8796692    
   51.9328995    
   51.9861031    
   52.0392799    
   52.0924301    
   52.1455536    
   52.1986465    
   52.2517128    
   52.3047523    
   52.3577652    
   52.4107513    
   52.4637108    
   52.5166435    
   52.5695496    
   52.6224289    
   52.6752815    
   52.7281075    
   52.7809067    
   52.8336792    
   52.8864250    
   52.9391479    
   52.9918442    
   53.0445137    
   53.0971565    
   53.1497726    
   53.2023621    
   53.2549248    
   53.3074646    
   53.3599777    
   53.4124641    
   53.4649239    
   53.5173607    
   53.5697708    
   53.6221542    
   53.6745110    
   53.7268448    
   53.7791519    
   53.8314323    
   53.8836899    
   53.9359207    
   53.9881248    
   54.0403061    
   54.0924606    
   54.1445923    
   54.1966972    
   54.2487793    
   54.3008347    
   54.3528633    
   54.4048691    
   54.4568481    
   54.5088043    
   54.5607338    
   54.6126404    
   54.6645203    
   54.7163773    
   54.7682114    
   54.8200188    
   54.8718033    
   54.9235611    
   54.9752960    
   55.0270042    
   55.0786896    
   55.1303520    
   55.1819878    
   55.2336006    
   55.2851906    
   55.3367538    
   55.3882942    
   55.4398117    
   55.4913063    
   55.5427742    
   55.5942192    
   55.6456413    
   55.6970406    
   55.7484131    
   55.7997627    
   55.8510895    
   55.9023933    
   55.9536743    
   56.0049286    
   56.0561600    
   56.1073685    
   56.1585541    
   56.2097168    
   56.2608566    
   56.3119736    
   56.3630676    
   56.4141388    
   56.4651833    
   56.5162048    
   56.5672035    
   56.6181793    
   56.6691322    
   56.7200623    
   56.7709694    
   56.8218536    
   56.8727150    
   56.9235535    
   56.9743690    
   57.0251656    
   57.0759392    
   57.1266899    
   57.1774178    
   57.2281227    
   57.2788048    
   57.3294640    
   57.3801003    
   57.4307137    
   57.4813080    
   57.5318794    
   57.5824280    
   57.6329536    
   57.6834564    
   57.7339363    
   57.7843971    
   57.8348351    
   57.8852501    
   57.9356422    
   57.9860153    
   58.0363655    
   58.0866928    
   58.1369972    
   58.1872826    
   58.2375450    
   58.2877846    
   58.3380051    
   58.3882027    
   58.4383774    
   58.4885330    
   58.5386658    
   58.5887756    
   58.6388664    
   58.6889343    
   58.7389832    
   58.7890091    
   58.8390121    
   58.8889961    
   58.9389572    
   58.9888992    
   59.0388184    
   59.0887184    
   59.1385956    
   59.1884537    
   59.2382889    
   59.2881050    
   59.3378983    
   59.3876724    
   59.4374237    
   59.4871559    
   59.5368652    
   59.5865555    
   59.6362228    
   59.6858711    
   59.7355003    
   59.7851067    
   59.8346939    
   59.8842583    
   59.9338036    
   59.9833298    
   60.0328331    
   60.0823174    
   60.1317825    
   60.1812248    
   60.2306480    
   60.2800522    
   60.3294334    
   60.3787956    
   60.4281387    
   60.4774590    
   60.5267601    
   60.5760422    
   60.6253052    
   60.6745453    
   60.7237663    
   60.7729683    
   60.8221512    
   60.8713112    
   60.9204521    
   60.9695740    
   61.0186768    
   61.0677605    
   61.1168251    
   61.1658669    
   61.2148895    
   61.2638931    
   61.3128777    
   61.3618431    
   61.4107895    
   61.4597168    
   61.5086212    
   61.5575066    
   61.6063728    
   61.6552200    
   61.7040482    
   61.7528572    
   61.8016472    
   61.8504181    
   61.8991699    
   61.9479027    
   61.9966164    
   62.0453110    
   62.0939865    
   62.1426430    
   62.1912804    
   62.2398987    
   62.2884979    
   62.3370781    
   62.3856392    
   62.4341812    
   62.4827042    
   62.5312080    
   62.5796928    
   62.6281586    
   62.6766052    
   62.7250328    
   62.7734413    
   62.8218346    
   62.8702087    
   62.9185638    
   62.9668999    
   63.0152168    
   63.0635147    
   63.1117935    
   63.1600571    
   63.2083015    
   63.2565269    
   63.3047333    
   63.3529205    
   63.4010887    
   63.4492416    
   63.4973755    
   63.5454903    
   63.5935860    
   63.6416664    
   63.6897278    
   63.7377701    
   63.7857933    
   63.8338013    
   63.8817902    
   63.9297600    
   63.9777107    
   64.0256424    
   64.0735550    
   64.1214523    
   64.1693344    
   64.2171936    
   64.2650375    
   64.3128662    
   64.3606720    
   64.4084625    
   64.4562378    
   64.5039902    
   64.5517273    
   64.5994492    
   64.6471558    
   64.6948395    
   64.7425079    
   64.7901611    
   64.8377914    
   64.8854065    
   64.9330063    
   64.9805832    
   65.0281448    
   65.0756912    
   65.1232224    
   65.1707306    
   65.2182236    
   65.2657013    
   65.3131638    
   65.3606033    
   65.4080276    
   65.4554367    
   65.5028229    
   65.5501938    
   65.5975494    
   65.6448898    
   65.6922150    
   65.7395172    
   65.7868042    
   65.8340759    
   65.8813324    
   65.9285660    
   65.9757843    
   66.0229874    
   66.0701752    
   66.1173477    
   66.1644974    
   66.2116318    
   66.2587509    
   66.3058548    
   66.3529434    
   66.4000092    
   66.4470596    
   66.4940948    
   66.5411148    
   66.5881195    
   66.6351013    
   66.6820679    
   66.7290192    
   66.7759552    
   66.8228760    
   66.8697815    
   66.9166641    
   66.9635315    
   67.0103836    
   67.0572205    
   67.1040421    
   67.1508484    
   67.1976395    
   67.2444077    
   67.2911606    
   67.3378983    
   67.3846207    
   67.4313278    
   67.4780197    
   67.5246964    
   67.5713577    
   67.6179962    
   67.6646194    
   67.7112274    
   67.7578201    
   67.8043976    
   67.8509598    
   67.8975067    
   67.9440384    
   67.9905548    
   68.0370560    
   68.0835419    
   68.1300049    
   68.1764526    
   68.2228851    
   68.2693024    
   68.3157043    
   68.3620911    
   68.4084625    
   68.4548187    
   68.5011597    
   68.5474854    
   68.5937958    
   68.6400909    
   68.6863708    
   68.7326355    
   68.7788849    
   68.8251190    
   68.8713379    
   68.9175339    
   68.9637146    
   69.0098801    
   69.0560303    
   69.1021652    
   69.1482849    
   69.1943893    
   69.2404785    
